Selection	View	Channel	Begin Time (s)	End Time (s)	Low Freq (Hz)	High Freq (Hz)	Begin Date	Begin Clock Time	End Clock Time	Delta Time (s)	Distance (m)	FID_2	Lat	Long	Segment
5239	Spectrogram	1	263	268	250	250	NA	NA	NA	NA	241.770071654771	5239	-28.067895	113.331201666667	Inner
5250	Spectrogram	1	276	281	250	250	NA	NA	NA	NA	243.598083414112	5250	-28.0674683333333	113.331783333333	Inner
5261	Spectrogram	1	288	293	250	250	NA	NA	NA	NA	255.024991515637	5261	-28.0671416666667	113.332413333333	Inner
5272	Spectrogram	1	301	306	250	250	NA	NA	NA	NA	256.324101710816	5272	-28.0670783333333	113.333216666667	Inner
5284	Spectrogram	1	314	319	250	250	NA	NA	NA	NA	247.930077526615	5284	-28.06732	113.333975	Inner
5295	Spectrogram	1	330	335	250	250	NA	NA	NA	NA	269.396924634707	5295	-28.06763	113.334898333333	Inner
5306	Spectrogram	1	345	350	250	250	NA	NA	NA	NA	287.371636340285	5306	-28.068175	113.335586666667	Inner
5318	Spectrogram	1	363	368	250	250	NA	NA	NA	NA	293.345070194091	5318	-28.0690966666667	113.335966666667	Inner
5329	Spectrogram	1	379	384	250	250	NA	NA	NA	NA	289.466474365567	5329	-28.0699933333333	113.335863333333	Inner
5340	Spectrogram	1	396	401	250	250	NA	NA	NA	NA	291.432931753513	5340	-28.070875	113.335441666667	Inner
5352	Spectrogram	1	411	416	250	250	NA	NA	NA	NA	286.784157697278	5352	-28.071455	113.334748333333	Inner
5363	Spectrogram	1	424	429	250	250	NA	NA	NA	NA	272.947754938532	5363	-28.0716883333333	113.333978333333	Inner
5374	Spectrogram	1	436	441	250	250	NA	NA	NA	NA	271.591681737124	5374	-28.0718283333333	113.333188333333	Inner
5386	Spectrogram	1	451	456	250	250	NA	NA	NA	NA	266.488390905618	5386	-28.0716966666667	113.33226	Inner
5397	Spectrogram	1	467	472	250	250	NA	NA	NA	NA	251.299575311374	5397	-28.0711933333333	113.33146	Inner
5408	Spectrogram	1	482	487	250	250	NA	NA	NA	NA	228.507146755461	5408	-28.070485	113.331035	Inner
5420	Spectrogram	1	496	501	250	250	NA	NA	NA	NA	212.178267546096	5420	-28.0697433333333	113.33088	Inner
5431	Spectrogram	1	507	512	250	250	NA	NA	NA	NA	227.215156402445	5431	-28.069165	113.330701666667	Inner
5442	Spectrogram	1	518	523	250	250	NA	NA	NA	NA	240.046865225287	5442	-28.06857	113.330736666667	Inner
5454	Spectrogram	1	530	535	250	250	NA	NA	NA	NA	241.598360449172	5454	-28.067995	113.331105	Inner
5455	Spectrogram	1	532	537	250	250	NA	NA	NA	NA	244.041068921749	5455	-28.0679016666667	113.331163333333	InnerMid
5457	Spectrogram	1	534	539	250	250	NA	NA	NA	NA	249.251366492249	5457	-28.0678066666667	113.331191666667	InnerMid
5459	Spectrogram	1	536	541	250	250	NA	NA	NA	NA	254.350423006257	5459	-28.067705	113.331235	InnerMid
5461	Spectrogram	1	538	543	250	250	NA	NA	NA	NA	263.092445475419	5461	-28.0675883333333	113.331248333333	InnerMid
5463	Spectrogram	1	540	545	250	250	NA	NA	NA	NA	271.578194376074	5463	-28.067475	113.331266666667	InnerMid
5465	Spectrogram	1	542	547	250	250	NA	NA	NA	NA	282.178223819624	5465	-28.0673683333333	113.331245	InnerMid
5467	Spectrogram	1	544	549	250	250	NA	NA	NA	NA	292.638281797408	5467	-28.0672666666667	113.33122	InnerMid
5469	Spectrogram	1	546	551	250	250	NA	NA	NA	NA	304.181715340026	5469	-28.0671666666667	113.331175	InnerMid
5471	Spectrogram	1	548	553	250	250	NA	NA	NA	NA	316.477292615252	5471	-28.067065	113.33112	InnerMid
5473	Spectrogram	1	550	555	250	250	NA	NA	NA	NA	329.588351226571	5473	-28.066965	113.331048333333	InnerMid
5476	Spectrogram	1	553	558	250	250	NA	NA	NA	NA	349.09419482476	5476	-28.06681	113.330951666667	InnerMid
5478	Spectrogram	1	555	560	250	250	NA	NA	NA	NA	361.797751237026	5478	-28.0667083333333	113.33089	InnerMid
5480	Spectrogram	1	557	562	250	250	NA	NA	NA	NA	373.06415589791	5480	-28.0666266666667	113.330821666667	InnerMid
5482	Spectrogram	1	559	564	250	250	NA	NA	NA	NA	383.298184518537	5482	-28.066545	113.330771666667	InnerMid
5484	Spectrogram	1	561	566	250	250	NA	NA	NA	NA	393.340613055711	5484	-28.0664583333333	113.330733333333	InnerMid
5486	Spectrogram	1	564	569	250	250	NA	NA	NA	NA	412.148183303461	5486	-28.0662983333333	113.330658333333	InnerMid
5488	Spectrogram	1	566	571	250	250	NA	NA	NA	NA	426.862125901803	5488	-28.0661683333333	113.330608333333	InnerMid
5490	Spectrogram	1	568	573	250	250	NA	NA	NA	NA	441.52078018104	5490	-28.0660316666667	113.330571666667	InnerMid
5492	Spectrogram	1	571	576	250	250	NA	NA	NA	NA	460.763860057193	5492	-28.0658533333333	113.330523333333	InnerMid
5495	Spectrogram	1	574	579	250	250	NA	NA	NA	NA	475.516731586638	5495	-28.0657116666667	113.330496666667	InnerMid
5496	Spectrogram	1	576	581	250	250	NA	NA	NA	NA	483.117000163733	5496	-28.06563	113.3305	Mid
5518	Spectrogram	1	602	607	250	250	NA	NA	NA	NA	499.333360765441	5518	-28.0650183333333	113.33174	Mid
5541	Spectrogram	1	635	640	250	250	NA	NA	NA	NA	492.005817768649	5541	-28.065	113.333795	Mid
5564	Spectrogram	1	666	671	250	250	NA	NA	NA	NA	516.917221762974	5564	-28.0653683333333	113.335676666667	Mid
5586	Spectrogram	1	695	700	250	250	NA	NA	NA	NA	557.053193980615	5586	-28.06605	113.337241666667	Mid
5609	Spectrogram	1	722	727	250	250	NA	NA	NA	NA	548.137796882365	5609	-28.06739	113.338103333333	Mid
5632	Spectrogram	1	752	757	250	250	NA	NA	NA	NA	509.769960027882	5632	-28.069085	113.338175	Mid
5655	Spectrogram	1	782	787	250	250	NA	NA	NA	NA	522.285564110909	5655	-28.070745	113.338086666667	Mid
5677	Spectrogram	1	804	809	250	250	NA	NA	NA	NA	531.667261742559	5677	-28.0719116666667	113.337596666667	Mid
5700	Spectrogram	1	829	834	250	250	NA	NA	NA	NA	534.002793595601	5700	-28.0730166666667	113.336568333333	Mid
5723	Spectrogram	1	856	861	250	250	NA	NA	NA	NA	536.420692294718	5723	-28.0738466666667	113.335111666667	Mid
5746	Spectrogram	1	880	885	250	250	NA	NA	NA	NA	522.801091388394	5746	-28.0740683333333	113.333623333333	Mid
5768	Spectrogram	1	904	909	250	250	NA	NA	NA	NA	514.873564003572	5768	-28.073945	113.332006666667	Mid
5791	Spectrogram	1	932	937	250	250	NA	NA	NA	NA	508.058051133825	5791	-28.0733316666667	113.330373333333	Mid
5814	Spectrogram	1	963	968	250	250	NA	NA	NA	NA	500.637544066768	5814	-28.0721283333333	113.328955	Mid
5837	Spectrogram	1	989	994	250	250	NA	NA	NA	NA	500.36527182097	5837	-28.070835	113.32818	Mid
5859	Spectrogram	1	1011	1016	250	250	NA	NA	NA	NA	495.628515732307	5859	-28.06962	113.327965	Mid
5882	Spectrogram	1	1041	1046	250	250	NA	NA	NA	NA	473.037780915686	5882	-28.0680416666667	113.328431666667	Mid
5905	Spectrogram	1	1069	1074	250	250	NA	NA	NA	NA	463.557937862547	5905	-28.0666866666667	113.329395	Mid
5928	Spectrogram	1	1094	1099	250	250	NA	NA	NA	NA	479.528879066277	5928	-28.0657183333333	113.330406666667	Mid
5929	Spectrogram	1	1096	1101	250	250	NA	NA	NA	NA	477.883787949524	5929	-28.06567	113.330528333333	MidOuter
5932	Spectrogram	1	1100	1105	250	250	NA	NA	NA	NA	478.094723629384	5932	-28.0655616666667	113.330743333333	MidOuter
5936	Spectrogram	1	1105	1110	250	250	NA	NA	NA	NA	486.179833195045	5936	-28.0654016666667	113.330923333333	MidOuter
5940	Spectrogram	1	1111	1116	250	250	NA	NA	NA	NA	514.975831264146	5940	-28.0650883333333	113.331	MidOuter
5944	Spectrogram	1	1116	1121	250	250	NA	NA	NA	NA	544.491267408409	5944	-28.0648066666667	113.330985	MidOuter
5948	Spectrogram	1	1122	1127	250	250	NA	NA	NA	NA	579.084294047471	5948	-28.0644883333333	113.330938333333	MidOuter
5952	Spectrogram	1	1129	1134	250	250	NA	NA	NA	NA	615.163288404412	5952	-28.0641816666667	113.330815	MidOuter
5956	Spectrogram	1	1134	1139	250	250	NA	NA	NA	NA	653.255926214522	5956	-28.0638666666667	113.330658333333	MidOuter
5960	Spectrogram	1	1138	1143	250	250	NA	NA	NA	NA	680.342922605983	5960	-28.0636366666667	113.330565	MidOuter
5964	Spectrogram	1	1142	1147	250	250	NA	NA	NA	NA	702.127954497579	5964	-28.0634516666667	113.33049	MidOuter
5967	Spectrogram	1	1145	1150	250	250	NA	NA	NA	NA	717.977026878728	5967	-28.0633166666667	113.330436666667	MidOuter
5971	Spectrogram	1	1149	1154	250	250	NA	NA	NA	NA	745.122841970313	5971	-28.063085	113.330346666667	MidOuter
5975	Spectrogram	1	1154	1159	250	250	NA	NA	NA	NA	779.182466979372	5975	-28.0628033333333	113.330206666667	MidOuter
5979	Spectrogram	1	1158	1163	250	250	NA	NA	NA	NA	803.733924417658	5979	-28.0625966666667	113.330116666667	MidOuter
5983	Spectrogram	1	1163	1168	250	250	NA	NA	NA	NA	830.881054991566	5983	-28.0623716666667	113.330006666667	MidOuter
5987	Spectrogram	1	1168	1173	250	250	NA	NA	NA	NA	862.64395855267	5987	-28.06211	113.329873333333	MidOuter
5991	Spectrogram	1	1174	1179	250	250	NA	NA	NA	NA	897.463596776826	5991	-28.0618216666667	113.329731666667	MidOuter
5995	Spectrogram	1	1179	1184	250	250	NA	NA	NA	NA	928.238524486917	5995	-28.0615616666667	113.329621666667	MidOuter
5999	Spectrogram	1	1183	1188	250	250	NA	NA	NA	NA	953.156145418836	5999	-28.06136	113.329506666667	MidOuter
6003	Spectrogram	1	1187	1192	250	250	NA	NA	NA	NA	977.519283143609	6003	-28.0611483333333	113.329436666667	MidOuter
6004	Spectrogram	1	1188	1193	250	250	NA	NA	NA	NA	983.328904196586	6004	-28.0610933333333	113.329433333333	Outer
6049	Spectrogram	1	1251	1256	250	250	NA	NA	NA	NA	975.138917832313	6049	-28.0605883333333	113.33269	Outer
6094	Spectrogram	1	1303	1308	250	250	NA	NA	NA	NA	993.869857836126	6094	-28.0607883333333	113.335886666667	Outer
6139	Spectrogram	1	1366	1371	250	250	NA	NA	NA	NA	1022.58788536358	6139	-28.0621766666667	113.339496666667	Outer
6184	Spectrogram	1	1419	1424	250	250	NA	NA	NA	NA	1015.31443024318	6184	-28.0644016666667	113.341668333333	Outer
6229	Spectrogram	1	1470	1475	250	250	NA	NA	NA	NA	1034.96366577913	6229	-28.0669066666667	113.343151666667	Outer
6274	Spectrogram	1	1533	1538	250	250	NA	NA	NA	NA	1018.98725746764	6274	-28.070395	113.343303333333	Outer
6319	Spectrogram	1	1587	1592	250	250	NA	NA	NA	NA	1029.98517674627	6319	-28.07338	113.34246	Outer
6364	Spectrogram	1	1645	1650	250	250	NA	NA	NA	NA	1020.65881144187	6364	-28.0759866666667	113.340238333333	Outer
6409	Spectrogram	1	1705	1710	250	250	NA	NA	NA	NA	1034.5213788631	6409	-28.07803	113.336966666667	Outer
6454	Spectrogram	1	1754	1759	250	250	NA	NA	NA	NA	1000.89159447535	6454	-28.0783866666667	113.333805	Outer
6499	Spectrogram	1	1817	1822	250	250	NA	NA	NA	NA	1005.83254965137	6499	-28.0780033333333	113.329796666667	Outer
6544	Spectrogram	1	1872	1877	250	250	NA	NA	NA	NA	975.217620793851	6544	-28.0762533333333	113.3268	Outer
6589	Spectrogram	1	1930	1935	250	250	NA	NA	NA	NA	963.618434512284	6589	-28.0736633333333	113.324466666667	Outer
6634	Spectrogram	1	1979	1984	250	250	NA	NA	NA	NA	972.545221890934	6634	-28.0710366666667	113.323283333333	Outer
6679	Spectrogram	1	2032	2037	250	250	NA	NA	NA	NA	961.755678891628	6679	-28.0681016666667	113.323323333333	Outer
6724	Spectrogram	1	2091	2096	250	250	NA	NA	NA	NA	978.977413276814	6724	-28.0649033333333	113.324416666667	Outer
6769	Spectrogram	1	2147	2152	250	250	NA	NA	NA	NA	899.235021654457	6769	-28.0631	113.327211666667	Outer
6814	Spectrogram	1	2206	2211	250	250	NA	NA	NA	NA	996.652460392169	6814	-28.0608466666667	113.32981	Outer
6859	Spectrogram	1	2267	2272	250	250	NA	NA	NA	NA	975.603931182916	6859	-28.06058	113.33306	Outer
6860	Spectrogram	1	2269	2274	250	250	NA	NA	NA	NA	966.208386377814	6860	-28.060665	113.333091666667	X1
6872	Spectrogram	1	2284	2289	250	250	NA	NA	NA	NA	879.1738498157	6872	-28.06145	113.332983333333	X1
6884	Spectrogram	1	2301	2306	250	250	NA	NA	NA	NA	773.403368717248	6884	-28.062405	113.332898333333	X1
6896	Spectrogram	1	2319	2324	250	250	NA	NA	NA	NA	657.350231178442	6896	-28.0634533333333	113.33284	X1
6908	Spectrogram	1	2336	2341	250	250	NA	NA	NA	NA	549.238759796041	6908	-28.0644283333333	113.33288	X1
6920	Spectrogram	1	2356	2361	250	250	NA	NA	NA	NA	421.537280947509	6920	-28.06558	113.332931666667	X1
6932	Spectrogram	1	2373	2378	250	250	NA	NA	NA	NA	314.575409984511	6932	-28.066545	113.332953333333	X1
6944	Spectrogram	1	2390	2395	250	250	NA	NA	NA	NA	207.047663900053	6944	-28.067515	113.332991666667	X1
6956	Spectrogram	1	2409	2414	250	250	NA	NA	NA	NA	86.2530454363144	6956	-28.068605	113.333005	X1
6968	Spectrogram	1	2425	2430	250	250	NA	NA	NA	NA	15.3557728411045	6968	-28.0695216666667	113.332991666667	X1
6981	Spectrogram	1	2443	2448	250	250	NA	NA	NA	NA	129.666322808927	6981	-28.0705533333333	113.332991666667	X1
6993	Spectrogram	1	2461	2466	250	250	NA	NA	NA	NA	241.60053784281	6993	-28.0715633333333	113.33302	X1
7005	Spectrogram	1	2479	2484	250	250	NA	NA	NA	NA	357.589359563972	7005	-28.07261	113.333018333333	X1
7017	Spectrogram	1	2499	2504	250	250	NA	NA	NA	NA	485.767414171368	7017	-28.0737666666667	113.332998333333	X1
7029	Spectrogram	1	2516	2521	250	250	NA	NA	NA	NA	592.709878835732	7029	-28.0747316666667	113.333008333333	X1
7041	Spectrogram	1	2534	2539	250	250	NA	NA	NA	NA	704.82403019341	7041	-28.0757433333333	113.333013333333	X1
7053	Spectrogram	1	2549	2554	250	250	NA	NA	NA	NA	800.498894268033	7053	-28.0766066666667	113.333011666667	X1
7065	Spectrogram	1	2564	2569	250	250	NA	NA	NA	NA	896.174193370333	7065	-28.07747	113.333013333333	X1
7077	Spectrogram	1	2576	2581	250	250	NA	NA	NA	NA	972.824481513529	7077	-28.0781616666667	113.333006666667	X1
7090	Spectrogram	1	2591	2596	250	250	NA	NA	NA	NA	1064.8620287384	7090	-28.0789916666667	113.332888333333	X1
7091	Spectrogram	1	2593	2598	250	250	NA	NA	NA	NA	1073.16018941968	7091	-28.079065	113.332775	X1X2
7100	Spectrogram	1	2604	2609	250	250	NA	NA	NA	NA	1096.28701619929	7100	-28.0792316666667	113.331948333333	X1X2
7109	Spectrogram	1	2618	2623	250	250	NA	NA	NA	NA	1100.52871909054	7109	-28.0791283333333	113.330845	X1X2
7118	Spectrogram	1	2631	2636	250	250	NA	NA	NA	NA	1122.30715980187	7118	-28.0790783333333	113.3297	X1X2
7128	Spectrogram	1	2643	2648	250	250	NA	NA	NA	NA	1161.56189194529	7128	-28.0790566666667	113.32845	X1X2
7137	Spectrogram	1	2654	2659	250	250	NA	NA	NA	NA	1192.775608981	7137	-28.0789	113.327331666667	X1X2
7146	Spectrogram	1	2667	2672	250	250	NA	NA	NA	NA	1206.92430523464	7146	-28.0784583333333	113.326211666667	X1X2
7156	Spectrogram	1	2681	2686	250	250	NA	NA	NA	NA	1176.61217826984	7156	-28.0775383333333	113.325335	X1X2
7165	Spectrogram	1	2692	2697	250	250	NA	NA	NA	NA	1163.52531182765	7165	-28.07685	113.324678333333	X1X2
7174	Spectrogram	1	2704	2709	250	250	NA	NA	NA	NA	1167.10057290414	7174	-28.076285	113.324031666667	X1X2
7184	Spectrogram	1	2719	2724	250	250	NA	NA	NA	NA	1172.2259018611	7184	-28.0752916666667	113.323108333333	X1X2
7193	Spectrogram	1	2730	2735	250	250	NA	NA	NA	NA	1187.42378225591	7193	-28.07465	113.32248	X1X2
7202	Spectrogram	1	2743	2748	250	250	NA	NA	NA	NA	1201.23160468345	7202	-28.0737833333333	113.321831666667	X1X2
7212	Spectrogram	1	2757	2762	250	250	NA	NA	NA	NA	1203.0901453736	7212	-28.0727433333333	113.321361666667	X1X2
7221	Spectrogram	1	2769	2774	250	250	NA	NA	NA	NA	1199.26499794834	7221	-28.071815	113.321111666667	X1X2
7230	Spectrogram	1	2781	2786	250	250	NA	NA	NA	NA	1206.28751408274	7230	-28.0708916666667	113.320846666667	X1X2
7240	Spectrogram	1	2795	2800	250	250	NA	NA	NA	NA	1198.39765055115	7240	-28.0701383333333	113.320838333333	X1X2
7249	Spectrogram	1	2809	2814	250	250	NA	NA	NA	NA	1136.14436219814	7249	-28.069725	113.321448333333	X1X2
7258	Spectrogram	1	2821	2826	250	250	NA	NA	NA	NA	1057.78624309958	7258	-28.0695933333333	113.322241666667	X1X2
7268	Spectrogram	1	2832	2837	250	250	NA	NA	NA	NA	992.326402150888	7268	-28.06938	113.322905	X1X2
7269	Spectrogram	1	2834	2839	250	250	NA	NA	NA	NA	982.347378701589	7269	-28.069335	113.323006666667	X2
7281	Spectrogram	1	2852	2857	250	250	NA	NA	NA	NA	874.013276619007	7281	-28.0691766666667	113.324111666667	X2
7294	Spectrogram	1	2871	2876	250	250	NA	NA	NA	NA	752.323903120725	7294	-28.06918	113.32535	X2
7307	Spectrogram	1	2892	2897	250	250	NA	NA	NA	NA	618.854148235864	7307	-28.069185	113.326708333333	X2
7319	Spectrogram	1	2907	2912	250	250	NA	NA	NA	NA	524.484517654488	7319	-28.069245	113.327666666667	X2
7332	Spectrogram	1	2928	2933	250	250	NA	NA	NA	NA	392.593087755484	7332	-28.069325	113.329006666667	X2
7345	Spectrogram	1	2948	2953	250	250	NA	NA	NA	NA	265.653815777742	7345	-28.0693233333333	113.330298333333	X2
7357	Spectrogram	1	2965	2970	250	250	NA	NA	NA	NA	160.110095096644	7357	-28.0693483333333	113.331371666667	X2
7370	Spectrogram	1	2985	2990	250	250	NA	NA	NA	NA	33.2622813333476	7370	-28.0693783333333	113.332661666667	X2
7383	Spectrogram	1	3005	3010	250	250	NA	NA	NA	NA	93.3840430788178	7383	-28.069385	113.33395	X2
7395	Spectrogram	1	3023	3028	250	250	NA	NA	NA	NA	207.082908371202	7395	-28.069385	113.335106666667	X2
7408	Spectrogram	1	3042	3047	250	250	NA	NA	NA	NA	328.482666757669	7408	-28.0693766666667	113.336341666667	X2
7421	Spectrogram	1	3063	3068	250	250	NA	NA	NA	NA	454.963318624241	7421	-28.0693666666667	113.337628333333	X2
7433	Spectrogram	1	3080	3085	250	250	NA	NA	NA	NA	567.373278198829	7433	-28.069335	113.338771666667	X2
7446	Spectrogram	1	3096	3101	250	250	NA	NA	NA	NA	666.326683614934	7446	-28.0693316666667	113.339778333333	X2
7459	Spectrogram	1	3117	3122	250	250	NA	NA	NA	NA	796.568598789775	7459	-28.0693316666667	113.341103333333	X2
7471	Spectrogram	1	3133	3138	250	250	NA	NA	NA	NA	897.99652383765	7471	-28.06931	113.342135	X2
7484	Spectrogram	1	3148	3153	250	250	NA	NA	NA	NA	992.04920487143	7484	-28.0692933333333	113.343091666667	X2
7497	Spectrogram	1	3163	3168	250	250	NA	NA	NA	NA	1088.72181190756	7497	-28.0692783333333	113.344075	X2
7510	Spectrogram	1	3181	3186	250	250	NA	NA	NA	NA	1202.28124200198	7510	-28.0692533333333	113.34523	X2
